[gd_scene load_steps=6 format=3 uid="uid://che6yst00xff8"]

[ext_resource type="Script" path="res://assets/Character/GS_Player.gd" id="1_jfaff"]
[ext_resource type="PackedScene" uid="uid://dgwl30r055kwp" path="res://assets/Character/Anims/Char_Anims.fbx" id="2_nobrn"]
[ext_resource type="PackedScene" uid="uid://3t23n17tgc0b" path="res://assets/Character/Mesh_Sword.fbx" id="3_4m2j1"]
[ext_resource type="PackedScene" uid="uid://c377xiatqjikv" path="res://assets/Character/Mesh_Shield.fbx" id="4_lhthe"]

[sub_resource type="CapsuleShape3D" id="CapsuleShape3D_10vsg"]
radius = 0.320731
height = 1.54339

[node name="Player" type="CharacterBody3D"]
script = ExtResource("1_jfaff")

[node name="CollisionShape3D" type="CollisionShape3D" parent="."]
transform = Transform3D(1, 0, 0, 0, 1, 0, 0, 0, 1, 0, 0.792615, 0)
shape = SubResource("CapsuleShape3D_10vsg")

[node name="Camera3D" type="Camera3D" parent="."]
transform = Transform3D(-3.80087e-08, -0.493866, 0.869538, -2.15876e-08, 0.869538, 0.493866, -1, 0, -4.37114e-08, 4.23894, 3.30398, 0)

[node name="Char_Anims" parent="." instance=ExtResource("2_nobrn")]

[node name="GeneralSkeleton" parent="Char_Anims/RootNode/Char_Anims" index="0"]
bones/0/rotation = Quaternion(7.61356e-08, 0, 0, 1)
bones/1/position = Vector3(-9.10368e-10, 0.321644, -0.00212268)
bones/1/rotation = Quaternion(-2.32831e-10, 1.21614e-10, 5.25754e-11, 1)
bones/2/rotation = Quaternion(0.05397, 0.16354, 0.983973, -0.0462411)
bones/3/rotation = Quaternion(0.000467885, 0.986458, -0.163265, 0.015671)
bones/4/rotation = Quaternion(0.0401775, 0.708788, -0.698888, 0.086957)
bones/5/rotation = Quaternion(4.21469e-08, 1, -2.98023e-08, -4.21467e-08)
bones/8/rotation = Quaternion(0.0309451, -6.07979e-08, -9.31323e-10, 0.999521)
bones/9/rotation = Quaternion(0.0365173, 9.31323e-10, 0, 0.999333)
bones/10/rotation = Quaternion(0.0182297, 0, -3.72529e-09, 0.999834)
bones/11/rotation = Quaternion(-0.0335791, -5.82077e-10, 0, 0.999436)
bones/12/rotation = Quaternion(0.0225762, -2.99187e-08, 1.49012e-08, 0.999745)
bones/19/rotation = Quaternion(0.5, 0.5, 0.5, -0.5)
bones/20/rotation = Quaternion(-0.133398, 0.947259, -0.283357, 0.0679297)
bones/21/rotation = Quaternion(0.51611, -0.483353, 0.51611, 0.483353)
bones/22/rotation = Quaternion(-0.00493586, 0.837178, -0.0512692, 0.5445)
bones/23/rotation = Quaternion(0.3797, -0.00195281, 3.99351e-06, 0.925107)
bones/24/rotation = Quaternion(-0.857157, -0.00421508, -0.000496089, -0.515038)
bones/25/rotation = Quaternion(2.98023e-08, 2.98023e-08, -2.98023e-08, 1)
bones/26/rotation = Quaternion(0, 0, 0, 1)
bones/27/rotation = Quaternion(2.98023e-08, 2.98023e-08, -2.98023e-08, 1)
bones/28/rotation = Quaternion(0.0997852, 0.147784, -0.134269, 0.974769)
bones/29/rotation = Quaternion(-5.96046e-07, 0.590149, -0.587412, 0.553779)
bones/30/rotation = Quaternion(-0.214187, 0.673887, 0.214187, 0.673887)
bones/31/rotation = Quaternion(5.96046e-08, -7.45058e-08, -2.98023e-08, 1)
bones/32/rotation = Quaternion(-2.98023e-08, -5.96046e-08, 5.96046e-08, 1)
bones/33/rotation = Quaternion(0, 0, 0, 1)
bones/36/position = Vector3(-0.0187806, 0.0978076, -0.0208137)
bones/36/rotation = Quaternion(0, 0, 0, 1)
bones/39/rotation = Quaternion(2.98023e-08, -2.50293e-09, -5.96046e-08, 1)
bones/40/rotation = Quaternion(-2.23517e-08, 0, 7.45058e-09, 1)
bones/41/rotation = Quaternion(1.50874e-07, 0, -1.13621e-07, 1)
bones/44/position = Vector3(1.02912e-06, 0.0342977, -0.221645)
bones/44/rotation = Quaternion(3.72529e-09, -6.09434e-08, -2.98023e-08, 1)
bones/47/rotation = Quaternion(0.5, -0.5, -0.5, -0.5)
bones/48/rotation = Quaternion(-0.128461, 0.921119, -0.356727, -0.0882213)
bones/49/rotation = Quaternion(0.268423, 0.654178, -0.268423, 0.654179)
bones/50/rotation = Quaternion(-0.00817072, -0.268082, 0.12729, 0.954915)
bones/51/rotation = Quaternion(0.379701, 0.00195272, -3.99351e-06, 0.925107)
bones/52/rotation = Quaternion(0.857157, -0.00421529, -0.00049606, 0.515038)
bones/53/rotation = Quaternion(-2.98023e-08, 1.49012e-08, -7.45058e-08, 1)
bones/54/rotation = Quaternion(-4.47035e-08, -5.96046e-08, -1.49012e-08, 1)
bones/56/rotation = Quaternion(0.177783, -0.155962, 0.098848, 0.966591)
bones/57/rotation = Quaternion(8.64267e-07, -0.535893, 0.533409, 0.654441)
bones/58/rotation = Quaternion(-0.214187, -0.673887, -0.214187, 0.673887)
bones/60/rotation = Quaternion(-1.49012e-08, -1.49012e-08, 0, 1)
bones/64/position = Vector3(0.0187806, 0.097806, -0.0207038)
bones/64/rotation = Quaternion(0, -5.96046e-08, 0, 1)
bones/67/rotation = Quaternion(-0.069331, 0.0515462, 0.994767, 0.054541)
bones/68/rotation = Quaternion(-0.000552371, 0.98456, -0.174256, -0.0166287)
bones/69/rotation = Quaternion(-0.000106517, 0.619429, -0.78068, -0.0827397)
bones/70/rotation = Quaternion(-4.60445e-08, 1, 0, -7.24754e-13)

[node name="Head" parent="Char_Anims/RootNode/Char_Anims/GeneralSkeleton" index="0"]
transform = Transform3D(1, -3.62009e-08, -1.79133e-07, 9.13506e-09, 0.988861, -0.148843, 1.82526e-07, 0.148843, 0.988861, -4.39345e-10, 0.900196, 0.0664256)

[node name="Hair" parent="Char_Anims/RootNode/Char_Anims/GeneralSkeleton" index="1"]
transform = Transform3D(1, -3.62009e-08, -1.79133e-07, 9.13506e-09, 0.988861, -0.148843, 1.82526e-07, 0.148843, 0.988861, -4.39345e-10, 0.900196, 0.0664256)
bone_idx = 14

[node name="Eyes" parent="Char_Anims/RootNode/Char_Anims/GeneralSkeleton" index="2"]
transform = Transform3D(1, -3.62009e-08, -1.79133e-07, 9.13506e-09, 0.988861, -0.148843, 1.82526e-07, 0.148843, 0.988861, -4.39345e-10, 0.900196, 0.0664256)
bone_idx = 15

[node name="Eyes" parent="Char_Anims/RootNode/Char_Anims/GeneralSkeleton/Eyes" index="0"]
transform = Transform3D(-1.03319e-09, -0.01, -8.00355e-11, 0.01, -1.02864e-09, -5.3551e-09, 4.88944e-09, 1.01863e-10, 0.01, 0, 0, 0)

[node name="Mouth" parent="Char_Anims/RootNode/Char_Anims/GeneralSkeleton" index="3"]
transform = Transform3D(1, -3.62009e-08, -1.79133e-07, 9.13506e-09, 0.988861, -0.148843, 1.82526e-07, 0.148843, 0.988861, -4.39345e-10, 0.900196, 0.0664256)
bone_idx = 16

[node name="Mouth" parent="Char_Anims/RootNode/Char_Anims/GeneralSkeleton/Mouth" index="0"]
transform = Transform3D(-1.03319e-09, -0.01, -8.00355e-11, 0.01, -1.02864e-09, -5.3551e-09, 4.88944e-09, 1.01863e-10, 0.01, 0, 0, 0)

[node name="BA_Shield" type="BoneAttachment3D" parent="Char_Anims/RootNode/Char_Anims/GeneralSkeleton" index="6"]
transform = Transform3D(0.94409, 0.286931, -0.162372, -0.118511, -0.16423, -0.979277, -0.307651, 0.943768, -0.121044, 0.372312, 0.493667, 0.175192)
bone_name = "weapon_l"
bone_idx = 33

[node name="Mesh_Shield" parent="Char_Anims/RootNode/Char_Anims/GeneralSkeleton/BA_Shield" instance=ExtResource("4_lhthe")]
transform = Transform3D(1, -7.45058e-09, 4.47035e-08, -1.49012e-08, -0.185272, 0.982687, 6.98492e-09, -0.982687, -0.185272, 0, 0, 0)

[node name="BA_Weapon" type="BoneAttachment3D" parent="Char_Anims/RootNode/Char_Anims/GeneralSkeleton" index="7"]
transform = Transform3D(-0.337176, -0.262638, 0.904065, 0.772912, -0.625504, 0.106548, 0.537513, 0.734688, 0.413901, -0.36775, 0.373757, 0.239596)
bone_name = "weapon_r"
bone_idx = 61

[node name="Mesh_Sword" parent="Char_Anims/RootNode/Char_Anims/GeneralSkeleton/BA_Weapon" instance=ExtResource("3_4m2j1")]
transform = Transform3D(-0.226022, 0.974122, 1.49012e-08, -0.974122, -0.226022, 0, 0, -1.49012e-08, 1, 0, 0, 0)

[node name="AnimationPlayer" parent="Char_Anims" index="1"]
playback_default_blend_time = 0.1

[editable path="Char_Anims"]
