[gd_scene load_steps=6 format=3 uid="uid://che6yst00xff8"]

[ext_resource type="Script" path="res://assets/Character/GS_Player.gd" id="1_jfaff"]
[ext_resource type="PackedScene" uid="uid://dgwl30r055kwp" path="res://assets/Character/Anims/Char_Anims.fbx" id="2_nobrn"]
[ext_resource type="PackedScene" uid="uid://3t23n17tgc0b" path="res://assets/Character/Mesh_Sword.fbx" id="3_4m2j1"]
[ext_resource type="PackedScene" uid="uid://c377xiatqjikv" path="res://assets/Character/Mesh_Shield.fbx" id="4_lhthe"]

[sub_resource type="CapsuleShape3D" id="CapsuleShape3D_10vsg"]
radius = 0.320731
height = 1.54339

[node name="Player" type="CharacterBody3D"]
script = ExtResource("1_jfaff")

[node name="CollisionShape3D" type="CollisionShape3D" parent="."]
transform = Transform3D(1, 0, 0, 0, 1, 0, 0, 0, 1, 0, 0.792615, 0)
shape = SubResource("CapsuleShape3D_10vsg")

[node name="Camera3D" type="Camera3D" parent="."]
transform = Transform3D(-3.80087e-08, -0.493866, 0.869538, -2.15876e-08, 0.869538, 0.493866, -1, 0, -4.37114e-08, 4.23894, 3.30398, 0)

[node name="Char_Anims" parent="." instance=ExtResource("2_nobrn")]

[node name="GeneralSkeleton" parent="Char_Anims/RootNode/Char_Anims" index="0"]
bones/0/rotation = Quaternion(1.6531e-08, 0, 0, 1)
bones/1/position = Vector3(1.41561e-08, 0.513099, 0.00916682)
bones/1/rotation = Quaternion(0.0691592, -6.19338e-08, 5.95739e-08, 0.997606)
bones/2/rotation = Quaternion(-0.0735779, 0.580568, 0.810513, -0.0244329)
bones/3/rotation = Quaternion(0.00219588, 0.951722, -0.305748, 0.0271838)
bones/4/rotation = Quaternion(-0.080328, -0.654401, 0.746248, -0.0917652)
bones/5/rotation = Quaternion(4.21469e-08, 1, -2.98023e-08, -4.21467e-08)
bones/8/rotation = Quaternion(-0.0675085, -5.70144e-08, 2.79397e-09, 0.997719)
bones/9/rotation = Quaternion(0.0545603, 1.39698e-09, 0, 0.998511)
bones/10/rotation = Quaternion(3.72529e-09, 0.0436194, 1.11759e-08, 0.999048)
bones/11/rotation = Quaternion(0.0298553, 3.05881e-08, 7.45058e-09, 0.999554)
bones/12/rotation = Quaternion(-1.22935e-07, -1.19908e-07, 1.11759e-08, 1)
bones/19/rotation = Quaternion(0.5, 0.5, 0.5, -0.5)
bones/20/rotation = Quaternion(0.0377457, 0.941214, -0.326257, -0.0790386)
bones/21/rotation = Quaternion(0.581919, -0.401709, 0.581919, 0.401709)
bones/22/rotation = Quaternion(-0.454542, 0.755884, -0.366947, 0.295602)
bones/23/rotation = Quaternion(0.3797, -0.00195281, 3.99351e-06, 0.925107)
bones/24/rotation = Quaternion(-0.857157, -0.00421505, -0.000496209, -0.515038)
bones/25/rotation = Quaternion(2.98023e-08, 2.98023e-08, -2.98023e-08, 1)
bones/26/rotation = Quaternion(0, 0, 0, 1)
bones/27/rotation = Quaternion(2.98023e-08, 2.98023e-08, -2.98023e-08, 1)
bones/28/rotation = Quaternion(0.0997851, 0.147784, -0.134269, 0.974769)
bones/29/rotation = Quaternion(-6.10948e-07, 0.590149, -0.587412, 0.553779)
bones/30/rotation = Quaternion(-0.214187, 0.673887, 0.214187, 0.673887)
bones/31/rotation = Quaternion(5.96046e-08, -7.45058e-08, -2.98023e-08, 1)
bones/32/rotation = Quaternion(-2.98023e-08, -5.96046e-08, 5.96046e-08, 1)
bones/33/rotation = Quaternion(-2.98023e-08, -8.9407e-08, -2.98023e-08, -1)
bones/36/position = Vector3(-0.0186483, 0.0978124, -0.0207583)
bones/36/rotation = Quaternion(-8.9407e-08, -4.47035e-08, 1.04308e-07, 1)
bones/39/rotation = Quaternion(0.225162, 6.03031e-08, -7.26432e-08, 0.974321)
bones/40/rotation = Quaternion(0.200261, -2.98023e-08, 2.98023e-08, 0.979743)
bones/41/rotation = Quaternion(-0.0395575, 0, -7.07805e-08, 0.999217)
bones/44/position = Vector3(5.83037e-06, 0.034353, -0.221512)
bones/44/rotation = Quaternion(3.72529e-09, -6.09434e-08, -2.98023e-08, 1)
bones/47/rotation = Quaternion(0.5, -0.5, -0.5, -0.5)
bones/48/rotation = Quaternion(-0.0463201, 0.914293, -0.391081, 0.0947521)
bones/49/rotation = Quaternion(0.276572, 0.650774, -0.276572, 0.650776)
bones/50/rotation = Quaternion(-0.0513251, -0.46532, 0.138985, 0.872655)
bones/51/rotation = Quaternion(0.379701, 0.00195271, -3.99351e-06, 0.925107)
bones/52/rotation = Quaternion(0.857157, -0.00421534, -0.000496119, 0.515038)
bones/53/rotation = Quaternion(-2.98023e-08, 1.49012e-08, -7.45058e-08, 1)
bones/54/rotation = Quaternion(-4.47035e-08, -5.96046e-08, -1.49012e-08, 1)
bones/56/rotation = Quaternion(0.177783, -0.155962, 0.098848, 0.966591)
bones/57/rotation = Quaternion(8.49366e-07, -0.535893, 0.533409, 0.654441)
bones/58/rotation = Quaternion(-0.214187, -0.673887, -0.214187, 0.673887)
bones/60/rotation = Quaternion(-1.49012e-08, -1.49012e-08, 0, 1)
bones/64/position = Vector3(0.0189129, 0.0978012, -0.0207591)
bones/64/rotation = Quaternion(5.96046e-08, -5.96046e-08, 1.19209e-07, 1)
bones/67/rotation = Quaternion(-0.00200083, -0.375258, 0.926324, -0.0331794)
bones/68/rotation = Quaternion(-0.000664562, 0.982087, -0.187587, -0.0177759)
bones/69/rotation = Quaternion(0.0209257, 0.61142, -0.785842, 0.0904484)
bones/70/rotation = Quaternion(-4.60445e-08, 1, 0, -7.24754e-13)

[node name="Head" parent="Char_Anims/RootNode/Char_Anims/GeneralSkeleton" index="0"]
transform = Transform3D(0.996195, 0.00520157, 0.0869999, 0.00978309, 0.985235, -0.170927, -0.0866044, 0.171128, 0.981435, 0.00214422, 1.08532, 0.0917247)

[node name="Hair" parent="Char_Anims/RootNode/Char_Anims/GeneralSkeleton" index="1"]
transform = Transform3D(0.996195, 0.00520157, 0.0869999, 0.00978309, 0.985235, -0.170927, -0.0866044, 0.171128, 0.981435, 0.00214422, 1.08532, 0.0917247)
bone_idx = 14

[node name="Eyes" parent="Char_Anims/RootNode/Char_Anims/GeneralSkeleton" index="2"]
transform = Transform3D(0.996195, 0.00520157, 0.0869999, 0.00978309, 0.985235, -0.170927, -0.0866044, 0.171128, 0.981435, 0.00214422, 1.08532, 0.0917247)
bone_idx = 15

[node name="Eyes" parent="Char_Anims/RootNode/Char_Anims/GeneralSkeleton/Eyes" index="0"]
transform = Transform3D(-1.03319e-09, -0.01, -8.00355e-11, 0.01, -1.02864e-09, -5.3551e-09, 4.88944e-09, 1.01863e-10, 0.01, 0, 0, 0)

[node name="Mouth" parent="Char_Anims/RootNode/Char_Anims/GeneralSkeleton" index="3"]
transform = Transform3D(0.996195, 0.00520157, 0.0869999, 0.00978309, 0.985235, -0.170927, -0.0866044, 0.171128, 0.981435, 0.00214422, 1.08532, 0.0917247)
bone_idx = 16

[node name="Mouth" parent="Char_Anims/RootNode/Char_Anims/GeneralSkeleton/Mouth" index="0"]
transform = Transform3D(-1.03319e-09, -0.01, -8.00355e-11, 0.01, -1.02864e-09, -5.3551e-09, 4.88944e-09, 1.01863e-10, 0.01, 0, 0, 0)

[node name="BA_Shield" type="BoneAttachment3D" parent="Char_Anims/RootNode/Char_Anims/GeneralSkeleton" index="6"]
transform = Transform3D(0.619032, 0.785354, 0.00430206, 0.240126, -0.184051, -0.953134, -0.747755, 0.591054, -0.302517, 0.342285, 0.675824, 0.171191)
bone_name = "weapon_l"
bone_idx = 33

[node name="Mesh_Shield" parent="Char_Anims/RootNode/Char_Anims/GeneralSkeleton/BA_Shield" instance=ExtResource("4_lhthe")]
transform = Transform3D(1, -7.45058e-09, 4.47035e-08, -1.49012e-08, -0.185272, 0.982687, 6.98492e-09, -0.982687, -0.185272, 0, 0, 0)

[node name="BA_Weapon" type="BoneAttachment3D" parent="Char_Anims/RootNode/Char_Anims/GeneralSkeleton" index="7"]
transform = Transform3D(0.0794852, -0.299457, 0.950793, 0.424073, -0.853037, -0.304121, 0.902133, 0.427379, 0.059188, -0.354986, 0.491949, 0.17769)
bone_name = "weapon_r"
bone_idx = 61

[node name="Mesh_Sword" parent="Char_Anims/RootNode/Char_Anims/GeneralSkeleton/BA_Weapon" instance=ExtResource("3_4m2j1")]
transform = Transform3D(-0.226022, 0.974122, 1.49012e-08, -0.974122, -0.226022, 0, 0, -1.49012e-08, 1, 0, 0, 0)

[editable path="Char_Anims"]
