[gd_scene load_steps=11 format=3 uid="uid://che6yst00xff8"]

[ext_resource type="Script" path="res://assets/Character/GS_Player.gd" id="1_jfaff"]
[ext_resource type="PackedScene" uid="uid://dgwl30r055kwp" path="res://assets/Character/Anims/Char_Anims.fbx" id="2_nobrn"]
[ext_resource type="PackedScene" uid="uid://3t23n17tgc0b" path="res://assets/Character/Mesh_Sword.fbx" id="3_4m2j1"]
[ext_resource type="PackedScene" uid="uid://c377xiatqjikv" path="res://assets/Character/Mesh_Shield.fbx" id="4_lhthe"]

[sub_resource type="CapsuleShape3D" id="CapsuleShape3D_10vsg"]
radius = 0.320731
height = 1.54339

[sub_resource type="AnimationNodeAnimation" id="AnimationNodeAnimation_p1k4a"]
animation = &"Idle"

[sub_resource type="AnimationNodeAnimation" id="AnimationNodeAnimation_beqjt"]
animation = &"Run"

[sub_resource type="AnimationNodeTransition" id="AnimationNodeTransition_o0ar6"]
xfade_time = 0.15
input_0/name = "Idle"
input_0/auto_advance = false
input_0/reset = true
input_1/name = "Walk"
input_1/auto_advance = false
input_1/reset = true
input_2/name = "Run"
input_2/auto_advance = false
input_2/reset = true

[sub_resource type="AnimationNodeAnimation" id="AnimationNodeAnimation_vy1wh"]
animation = &"Walk"

[sub_resource type="AnimationNodeBlendTree" id="AnimationNodeBlendTree_br1gj"]
graph_offset = Vector2(-783.896, -82.3892)
nodes/Idle/node = SubResource("AnimationNodeAnimation_p1k4a")
nodes/Idle/position = Vector2(-580, 0)
nodes/Run/node = SubResource("AnimationNodeAnimation_beqjt")
nodes/Run/position = Vector2(-580, 240)
nodes/Transition/node = SubResource("AnimationNodeTransition_o0ar6")
nodes/Transition/position = Vector2(-360, 40)
nodes/Walk/node = SubResource("AnimationNodeAnimation_vy1wh")
nodes/Walk/position = Vector2(-580, 120)
nodes/output/position = Vector2(-160, 40)
node_connections = [&"output", 0, &"Transition", &"Transition", 0, &"Idle", &"Transition", 1, &"Walk", &"Transition", 2, &"Run"]

[node name="Player" type="CharacterBody3D"]
script = ExtResource("1_jfaff")

[node name="CollisionShape3D" type="CollisionShape3D" parent="."]
transform = Transform3D(1, 0, 0, 0, 1, 0, 0, 0, 1, 0, 0.792615, 0)
shape = SubResource("CapsuleShape3D_10vsg")

[node name="Camera3D" type="Camera3D" parent="."]
transform = Transform3D(-3.80087e-08, -0.493866, 0.869538, -2.15876e-08, 0.869538, 0.493866, -1, 0, -4.37114e-08, 4.23894, 3.30398, 0)

[node name="Char_Anims" parent="." instance=ExtResource("2_nobrn")]

[node name="GeneralSkeleton" parent="Char_Anims/RootNode/Char_Anims" index="0"]
bones/0/position = Vector3(-0.00150083, 0, 0)
bones/0/rotation = Quaternion(-1.85986e-05, -0.00224026, 0.00197052, 0.999996)
bones/1/position = Vector3(5.50412e-09, 0.392599, -0.00212267)
bones/1/rotation = Quaternion(0.16087, -0.00293781, 0.00500247, 0.986959)
bones/2/rotation = Quaternion(0.00789275, 0.562949, 0.826301, 0.0158799)
bones/3/rotation = Quaternion(0.00282216, 0.972146, -0.233534, 0.0196534)
bones/4/rotation = Quaternion(0.0414362, 0.713326, -0.699062, 0.0276073)
bones/5/rotation = Quaternion(4.21469e-08, 1, -2.98023e-08, -4.21467e-08)
bones/8/rotation = Quaternion(0.0493854, -0.000179707, -0.00663363, 0.998758)
bones/9/rotation = Quaternion(0.0920941, 2.37186e-09, 3.72568e-09, 0.99575)
bones/10/rotation = Quaternion(0.0738778, -0.00174169, 0.000107618, 0.997266)
bones/11/rotation = Quaternion(-0.236795, -4.41208e-09, -1.96666e-08, 0.97156)
bones/12/rotation = Quaternion(0.0828837, -0.00300472, 0.000249794, 0.996555)
bones/19/rotation = Quaternion(0.5, 0.5, 0.5, -0.5)
bones/20/rotation = Quaternion(-0.0207061, 0.921297, -0.379819, 0.0807521)
bones/21/rotation = Quaternion(0.590484, -0.38901, 0.590484, 0.38901)
bones/22/rotation = Quaternion(-0.485967, 0.790306, -0.181451, 0.32608)
bones/23/rotation = Quaternion(0.3797, -0.00195283, 3.99351e-06, 0.925108)
bones/24/rotation = Quaternion(0.857157, 0.00421508, 0.000496089, 0.515038)
bones/25/rotation = Quaternion(2.98023e-08, 2.98023e-08, -2.98023e-08, 1)
bones/27/rotation = Quaternion(2.98023e-08, 2.98023e-08, -2.98023e-08, 1)
bones/28/rotation = Quaternion(0.0997852, 0.147784, -0.134269, 0.974769)
bones/29/rotation = Quaternion(-5.51343e-07, 0.590149, -0.587412, 0.553779)
bones/30/rotation = Quaternion(-0.214187, 0.673887, 0.214187, 0.673887)
bones/31/rotation = Quaternion(5.96046e-08, -7.45058e-08, -2.98023e-08, 1)
bones/32/rotation = Quaternion(-2.98023e-08, -5.96046e-08, 5.96046e-08, 1)
bones/33/rotation = Quaternion(2.98023e-08, 8.9407e-08, 2.98023e-08, 1)
bones/36/position = Vector3(-0.0197165, 0.0978505, -0.0210111)
bones/36/rotation = Quaternion(0.00772132, -2.98052e-08, -2.98052e-08, 0.99997)
bones/39/rotation = Quaternion(0.14511, 4.65661e-10, -4.09782e-08, 0.989415)
bones/40/rotation = Quaternion(0.0479081, 2.27558e-08, 1.63149e-08, 0.998852)
bones/41/rotation = Quaternion(-0.0283335, -1.06028e-08, -9.20427e-08, 0.999599)
bones/44/position = Vector3(-0.0058758, 0.158784, -0.22258)
bones/44/rotation = Quaternion(1.61769e-07, -2.32528e-07, 0.12751, 0.991837)
bones/47/rotation = Quaternion(0.5, -0.5, -0.5, -0.5)
bones/48/rotation = Quaternion(-0.0308403, 0.917519, -0.396492, 0.00112641)
bones/49/rotation = Quaternion(0.232843, 0.66767, -0.232844, 0.667671)
bones/50/rotation = Quaternion(0.0949612, -0.485943, 0.0318748, 0.868232)
bones/51/rotation = Quaternion(0.379701, 0.00195271, -3.99351e-06, 0.925107)
bones/52/rotation = Quaternion(0.857157, -0.00421534, -0.000496119, 0.515038)
bones/53/rotation = Quaternion(-2.98023e-08, 1.49012e-08, -7.45058e-08, 1)
bones/54/rotation = Quaternion(-4.47035e-08, -5.96046e-08, -1.49012e-08, 1)
bones/56/rotation = Quaternion(0.177783, -0.155962, 0.098848, 0.966591)
bones/57/rotation = Quaternion(8.64267e-07, -0.535893, 0.533409, 0.654441)
bones/58/rotation = Quaternion(-0.214187, -0.673887, -0.214187, 0.673887)
bones/60/rotation = Quaternion(-1.49012e-08, -1.49012e-08, 0, 1)
bones/64/position = Vector3(0.0178447, 0.0977631, -0.0205064)
bones/64/rotation = Quaternion(-0.00265764, 0.00285086, 3.19476e-05, 0.999992)
bones/67/rotation = Quaternion(0.00565231, -0.160328, 0.986522, -0.0321942)
bones/68/rotation = Quaternion(-0.000508295, 0.991328, -0.130824, -0.0123747)
bones/69/rotation = Quaternion(0.00657906, 0.825733, -0.559037, 0.0748279)
bones/70/rotation = Quaternion(-4.60445e-08, 1, 0, -7.24754e-13)

[node name="Head" parent="Char_Anims/RootNode/Char_Anims/GeneralSkeleton" index="0"]
transform = Transform3D(0.999866, -0.0038927, -0.0159022, -0.00328586, 0.903843, -0.427853, 0.0160386, 0.427847, 0.903709, -0.00627658, 0.915989, 0.252275)

[node name="Hair" parent="Char_Anims/RootNode/Char_Anims/GeneralSkeleton" index="1"]
transform = Transform3D(0.999866, -0.0038927, -0.0159022, -0.00328586, 0.903843, -0.427853, 0.0160386, 0.427847, 0.903709, -0.00627658, 0.915989, 0.252275)
bone_idx = 14

[node name="Eyes" parent="Char_Anims/RootNode/Char_Anims/GeneralSkeleton" index="2"]
transform = Transform3D(0.999866, -0.0038927, -0.0159022, -0.00328586, 0.903843, -0.427853, 0.0160386, 0.427847, 0.903709, -0.00627658, 0.915989, 0.252275)
bone_idx = 15

[node name="Eyes" parent="Char_Anims/RootNode/Char_Anims/GeneralSkeleton/Eyes" index="0"]
transform = Transform3D(-1.03319e-09, -0.01, -8.00355e-11, 0.01, -1.02864e-09, -5.3551e-09, 4.88944e-09, 1.01863e-10, 0.01, 0, 0, 0)

[node name="Mouth" parent="Char_Anims/RootNode/Char_Anims/GeneralSkeleton" index="3"]
transform = Transform3D(0.999866, -0.0038927, -0.0159022, -0.00328586, 0.903843, -0.427853, 0.0160386, 0.427847, 0.903709, -0.00627658, 0.915989, 0.252275)
bone_idx = 16

[node name="Mouth" parent="Char_Anims/RootNode/Char_Anims/GeneralSkeleton/Mouth" index="0"]
transform = Transform3D(-1.03319e-09, -0.01, -8.00355e-11, 0.01, -1.02864e-09, -5.3551e-09, 4.88944e-09, 1.01863e-10, 0.01, 0, 0, 0)

[node name="BA_Shield" type="BoneAttachment3D" parent="Char_Anims/RootNode/Char_Anims/GeneralSkeleton" index="6"]
transform = Transform3D(0.629679, 0.77674, 0.0133781, 0.239002, -0.177309, -0.954694, -0.739176, 0.604348, -0.29729, 0.337702, 0.503133, 0.216372)
bone_name = "weapon_l"
bone_idx = 33

[node name="Mesh_Shield" parent="Char_Anims/RootNode/Char_Anims/GeneralSkeleton/BA_Shield" instance=ExtResource("4_lhthe")]
transform = Transform3D(1, -7.45058e-09, 4.47035e-08, -1.49012e-08, -0.185272, 0.982687, 6.98492e-09, -0.982687, -0.185272, 0, 0, 0)

[node name="BA_Weapon" type="BoneAttachment3D" parent="Char_Anims/RootNode/Char_Anims/GeneralSkeleton" index="7"]
transform = Transform3D(0.0257052, -0.322275, 0.946297, 0.141169, -0.935954, -0.322587, 0.989652, 0.14188, 0.0214362, -0.39009, 0.345239, 0.0639054)
bone_name = "weapon_r"
bone_idx = 61

[node name="Mesh_Sword" parent="Char_Anims/RootNode/Char_Anims/GeneralSkeleton/BA_Weapon" instance=ExtResource("3_4m2j1")]
transform = Transform3D(-0.226022, 0.974122, 1.49012e-08, -0.974122, -0.226022, 0, 0, -1.49012e-08, 1, 0, 0, 0)

[node name="AnimationPlayer" parent="Char_Anims" index="1"]
playback_default_blend_time = 0.1

[node name="AnimationTree" type="AnimationTree" parent="Char_Anims"]
tree_root = SubResource("AnimationNodeBlendTree_br1gj")
anim_player = NodePath("../AnimationPlayer")
active = true
parameters/Transition/current_state = "Run"
parameters/Transition/transition_request = ""
parameters/Transition/current_index = 2

[editable path="Char_Anims"]
